0 0.32661272028496974 0.21332076081010254 0.09299302019282493 0.16581796753360442
0 0.32794978995997365 0.4185577365037441 0.12341902705304947 0.25856420232855587
0 0.4817530805319823 0.16925665540291251 0.09998592537375199 0.19734798372336396
0 0.5934396433618928 0.22886165934175676 0.09075726733692004 0.16808180559257077
0 0.7038402364659097 0.2895985823100842 0.08991680084721419 0.15606257482334007
0 0.498992560145233 0.3886948416068663 0.15125662111155663 0.24582122254403635
0 0.6394241968559568 0.38239223418681595 0.10496171097938554 0.20003184606696964
0 0.4204654801496301 0.8040939064310618 0.09573305294255345 0.1707656679361766
0 0.5849602884237106 0.6435132666097731 0.0993135521819874 0.18773259910797926
0 0.7085144620748409 0.6024367482768386 0.1074831104485024 0.2360895383746621
0 0.7763094009599866 0.5303558048975586 0.09265683359694285 0.1610102752259121