0 0.14885522038815455 0.6281878841257331 0.2977104407763091 0.3931992000440538
0 0.26665567318840927 0.13784606772999825 0.4330348074693353 0.27401385851734006
0 0.4993401731660285 0.7360706308451014 0.07922861258958286 0.05855941744601377
0 0.9490784205048629 0.2227829170542597 0.07505835152093873 0.1545734071879716
0 0.7204426820492926 0.061317957021464004 0.07280197109810296 0.06809088821426532
0 0.7329296810977213 0.5715626954903448 0.17533290676759294 0.20617302771384516
0 0.817750684598972 0.44622788216712755 0.07314526433946228 0.10171676308573378
0 0.8190994783086568 0.3560137231919528 0.079522750587272 0.12100347488125826
0 0.6809514622297594 0.22086604214607955 0.06514882890786512 0.09201746462321644
0 0.7476217232984035 0.3178869980536315 0.07157547039934488 0.08248599385496455
0 0.7777431363548197 0.24364748010817683 0.03218196596890321 0.04120104000391592
0 0.6221815081322842 0.7050172718870586 0.046506732404639775 0.09900523282573395
0 0.4750551419448848 0.3556195990427241 0.3421294638875494 0.48429361234880935
0 0.6589002174704454 0.3288852770160796 0.08388883916626465 0.14506990770209754