0 0.7919054905383909 0.3326695240671637 0.16757728021467216 0.08014348931718046
0 0.5824407005724365 0.3567003265280043 0.2652032913797719 0.10032817869138701
0 0.8447617746678784 0.48642029608885373 0.2038452818096865 0.08380649783250806
0 0.7883629240913829 0.607421510943798 0.17196435394772072 0.07550368532435246
0 0.7296653820047022 0.7271368585643869 0.16015543246581168 0.07748781069103818
0 0.6192965881239326 0.527976279758948 0.2537245444792019 0.13347835990064064
0 0.6334358025079072 0.669524665490701 0.20426590038433026 0.08861419014020036
0 0.1921028332482915 0.49135763227270535 0.17238497252236448 0.08031137763204463
0 0.3633785067782063 0.642010129547029 0.19444020648162377 0.08587456735662559
0 0.4105553501044174 0.7642170970177068 0.24251712955854685 0.08755345050526732
0 0.48593161871887613 0.8259234570609125 0.16778758950199418 0.08254733547102688