0 0.1280692473802607 0.538981364255855 0.1963924519705647 0.325883425334444
0 0.4081036511528746 0.7651741298175716 0.1493697427433922 0.20886018551653343
0 0.3242021436470661 0.5692497805509171 0.2831130660785078 0.33738283030935834
0 0.9591346153846154 0.2800480769230769 0.07692307692307693 0.13221153846153846
0 0.6123861950295524 0.2954498045980956 0.05521673603729017 0.06780574264562311
0 0.48935826876809385 0.606408473428801 0.18007328503494746 0.2049331544070472
0 0.7335279671364069 0.42325077858314103 0.048733807853678056 0.07666316402591865
0 0.7570544143087327 0.30205148248677893 0.061263633580767765 0.11613532013424255
0 0.32531015162269517 0.408004412055818 0.042104589851170035 0.05211939366406453
0 0.781913981818138 0.3903008051682872 0.06093519119239041 0.08033028223824647
0 0.22422735175893665 0.7687508651064933 0.04964457070108592 0.08868239479514929
0 0.12047831122101947 0.7106000806014277 0.09182088605342721 0.07880709728260654
0 0.27588501564995316 0.37927732693005045 0.19201795148645376 0.1108005435467718