0 0.7644230769230769 0.21514423076923078 0.46634615384615385 0.4206730769230769
0 0.2517549057615757 0.1606800799955946 0.37370211921545915 0.3213601599911892
0 0.7137993668895295 0.6374329055476966 0.08064514746982573 0.09224123488223714
0 0.06757081035219502 0.8024790317901401 0.07480489815708977 0.12581116718895055
0 0.45120670271843516 0.7739651650712613 0.25381183948477926 0.21439153234097738
0 0.2931405519140757 0.7902343466312604 0.12151053208521055 0.09271674668265681
0 0.20459413126486797 0.741962466643008 0.1436348935943982 0.10498771899328574
0 0.13712934331562293 0.532311224599721 0.11150335057016815 0.08298947693776157
0 0.20087206071811892 0.6506163127968543 0.10448771055845861 0.08771325539832102
0 0.1150457761320082 0.6395900625520284 0.04714231529679365 0.036589146672866946
0 0.6289219520311714 0.7382274583802835 0.11081770599576703 0.06616255386083864
0 0.35924841977099037 0.40586986149196014 0.5776290651058401 0.43680577033244405
0 0.2516773001450234 0.5694581127895119 0.17037104896144925 0.11250694156097801