0 0.5036057692307693 0.8353365384615384 0.4543269230769231 0.3245192307692308
0 0.11073688604628201 0.6669916218101698 0.22147377209256403 0.45417555131264736
0 0.6947940982966195 0.5087957393233549 0.07331872710058408 0.08246182922917537
0 0.28006600829836975 0.028724429279054334 0.16582952186479893 0.03886334351261277
0 0.07457018607855607 0.20972738117918407 0.07055057580777499 0.07754217598747405
0 0.5809799693527202 0.2598494264143977 0.2351795940039274 0.1953965597749829
0 0.47519422661647326 0.1596353394390511 0.11418411171596897 0.08436516510732858
0 0.38448560676350496 0.1469673624082471 0.13396133865518295 0.09247239104093914
0 0.21978344365790453 0.267149728318512 0.10143627066881186 0.07418997582189887
0 0.33121733545635695 0.21323775911268225 0.09458903734623657 0.07866178532756418
0 0.26303616246011907 0.1738772192517241 0.04581936674197283 0.035669142966008385
0 0.6897518787018437 0.38432589679622386 0.10496889499013334 0.05758697461299383
0 0.308139172666352 0.48596233664021177 0.5350808815922193 0.39141221861436293
0 0.3232757673086156 0.30212408633798543 0.1559602591787615 0.09828773175471256