0 0.3252988864110537 0.24219569461663154 0.07556816990559863 0.14221850777573736
0 0.3563721939296084 0.425006876235365 0.10224307670588559 0.22888283582453212
0 0.45796601196856657 0.18889931813662905 0.08219596744672791 0.17349647811136693
0 0.5663253924930731 0.23398581936663396 0.0758481860953581 0.14702620008342968
0 0.6735528539880964 0.28026725108965456 0.07514814562095942 0.1350069693141989
0 0.50543436400896 0.38502255719231254 0.1302491819827609 0.21462758091523262
0 0.6293843032973617 0.3677209397648358 0.08700365975442036 0.1735244484469965
0 0.49496371182816046 0.762237603580659 0.08065587840305054 0.14705417041905924
0 0.6192066431519974 0.605561857317457 0.08431979741081473 0.16870277097148942
0 0.7246495622249187 0.5593161898691229 0.0891037811776168 0.2095821407546888
0 0.774675865934944 0.4899193176834174 0.07797201605944465 0.14223249294355214