0 0.06515357940208893 0.43845102360083865 0.13030715880417787 0.309594354893985
0 0.1810064030238944 0.7579404759339844 0.1549700533110826 0.19624995899230685
0 0.1918705648225332 0.5414264943935648 0.29854524225615353 0.3155488697791592
0 0.8993505892690509 0.5123484791043996 0.09421829699082232 0.1283268984723072
0 0.575658670610175 0.38822620623803805 0.05778597152815369 0.06308739692992973
0 0.3248625612880955 0.6392586174900674 0.18750002218840797 0.18702617233020866
0 0.6270447644690893 0.5561186667604852 0.04901349487015949 0.07018705026195772
0 0.7033903069068704 0.44868682882041483 0.06340535791075734 0.11116432000685282
0 0.26634298586224897 0.38823766568328477 0.04408092484414197 0.04852446359496472
0 0.6864228880761781 0.5423669006144709 0.06427947975062737 0.07756641641776191
0 0.01916048807127258 0.693398572320419 0.03832097614254516 0.08701397333888067
0 0.23321986446418386 0.3421170482421661 0.20029971096166263 0.0911520390001387