0 0.8629807692307693 0.5997596153846154 0.2692307692307692 0.36778846153846156
0 0.52644904421482 0.8088750830751784 0.173162521054684 0.219902342869986
0 0.6359762021372688 0.611462064369971 0.32385128825342424 0.3669338037076982
0 0.36432507491552246 0.3095237610005717 0.06333913847132831 0.07429793270861887
0 0.4595592370121638 0.640468498402768 0.20200867490083782 0.22090967275917103
0 0.22391070159866855 0.4358706970582956 0.05861536001076873 0.08134158285529317
0 0.21401476209419382 0.3087606554554617 0.07348597745188744 0.12030678626142415
0 0.6508451354477593 0.4426052244987157 0.04872026257160792 0.05696734468710328
0 0.17780406979873872 0.4002060206648898 0.07069053334475474 0.0865689959501459
0 0.7166046319100646 0.823878110022659 0.06118703385888061 0.09584860393580204
0 0.911106385753771 0.799049787116814 0.031669569235664156 0.0371489663543093
0 0.847110764211883 0.7760339226733796 0.12365906257650312 0.09562730587519014
0 0.7058259128800672 0.4142322011854701 0.20343352617146784 0.1368590015319876